,x,y,team_id,player_id,time
0,45.78165906072642,8.268954704214957,home,1,1
1,43.16908473754204,9.01811003552804,home,2,1
2,42.895988072607935,13.10117190482429,home,3,1
3,44.52244369453776,17.011481759070058,home,4,1
4,42.58577885906029,19.742298044944356,home,5,1
5,53.792730694151736,24.285473831794988,home,6,1
6,42.95245330415031,27.445679336815342,home,7,1
7,42.13561970367154,31.128950716092636,home,8,1
8,43.41431925428482,35.049147159418425,home,9,1
9,43.13138902880865,38.88723855139351,home,10,1
10,44.75067839419572,42.0575745252812,home,11,1
11,10.107224436170208,22.82627281664552,away,12,1
12,21.220651005984195,21.511171967510496,away,13,1
13,21.99771744314522,28.035864010597038,away,14,1
14,31.033411748783735,18.90177074949968,away,15,1
15,31.732949335835432,33.63587650217376,away,16,1
16,32.4797584756317,13.935350446706789,away,17,1
17,35.04651218677856,17.996702122306417,away,18,1
18,40.41225971363521,26.48537264571058,away,19,1
19,40.236306550318055,28.109939762069818,away,20,1
20,35.6656980831107,29.670418980987986,away,21,1
21,34.215852382111116,36.47371710610382,away,22,1
22,12.70300796558188,22.8658829014399,-99,23,1
23,45.160391012171075,8.437327717966916,home,1,2
24,42.313658475204825,9.123554318883784,home,2,2
25,42.088799861853126,13.239479453679882,home,3,2
26,43.70719601087097,17.194594854736874,home,4,2
27,41.74275297983555,19.77080026281967,home,5,2
28,53.43171435657767,24.30565587558452,home,6,2
29,42.332410767481946,27.561269505700366,home,7,2
30,41.33219929831513,31.18386696337677,home,8,2
31,42.58577885906029,34.95727906533588,home,9,2
32,42.27616038907429,38.73151820817274,home,10,2
33,44.04796974165966,41.85936629603609,home,11,2
34,10.077166756773739,22.677918373152437,away,12,2
35,21.20433749896052,21.73527214995739,away,13,2
36,22.18649133666034,27.85624624909045,away,14,2
37,30.859031854747457,19.259457809789524,away,15,2
38,31.820619041760292,33.387506663388066,away,16,2
39,32.00489033997462,14.110452334058932,away,17,2
40,34.778069709690385,18.17308561990441,away,18,2
41,40.42152575670876,26.72437326682452,away,19,2
42,40.19928837895335,28.162892313836025,away,20,2
43,35.33336401990175,29.745983385581095,away,21,2
44,33.98442192849125,36.228881900830245,away,22,2
45,11.824428223014625,22.707566114819212,-99,23,2
46,44.560460842277,8.606161182475192,home,1,3
47,41.47204357132779,9.229177017420682,home,2,3
48,41.27629550672499,13.378075084470192,home,3,3
49,42.895988072607935,17.396570108533485,home,4,3
50,40.90409828631985,19.818328676976762,home,5,3
51,53.071447951382666,24.31574886610118,home,6,3
52,41.770783291707865,27.687556599198526,home,7,3
53,40.551306574333445,31.238818930567284,home,8,3
54,41.7614393147138,34.86550649845404,home,9,3
55,41.434739917067276,38.56411353197487,home,10,3
56,43.3576939799368,41.673920269222144,home,11,3
57,10.024582525856074,22.52985304194727,away,12,3
58,21.196181452150277,21.95025697492751,away,13,3
59,22.40019012369701,27.708623615135483,away,14,3
60,30.719672912049436,19.618916849239593,away,15,3
61,31.925889555565085,33.1623317016271,away,16,3
62,31.540254142996822,14.277221497335901,away,17,3
63,34.545795541179054,18.359223895436223,away,18,3
64,40.40299420577385,26.93278177068591,away,19,3
65,40.14377715633704,28.22648084220322,away,20,3
66,35.019647001342264,29.821616609631945,away,21,3
67,33.771102088880234,36.00793974912735,away,22,3
68,10.974359407223426,22.54957840210893,-99,23,3
69,43.972180995458174,8.775456356937433,home,1,4
70,40.61623635003458,9.334978433023103,home,2,4
71,40.47713325633727,13.534340264225877,home,3,4
72,42.098162748480014,17.617566791541446,home,4,4
73,40.079038374212715,19.884920397727083,home,5,4
74,52.711929920746456,24.335938785231775,home,6,4
75,41.27629550672499,27.803493023559234,home,7,4
76,39.79265249320748,31.30480847418657,home,8,4
77,40.950575923492316,34.77382935944079,home,9,4
78,40.59768230654911,38.397013363690796,home,10,4
79,42.67032273832457,41.48883563856076,home,11,4
80,9.972019552330522,22.40176317910266,away,12,4
81,21.20433749896052,22.16585775654899,away,13,4
82,22.647164774862585,27.592822805402246,away,14,4
83,30.589140823516203,19.980156646222063,away,15,4
84,32.05758035051553,32.971392923711576,away,16,4
85,31.09449232020647,14.435593895628655,away,17,4
86,34.35844397430352,18.555190832805295,away,18,4
87,40.347412396330256,27.131272559873512,away,19,4
88,40.06054638668641,28.300730195877385,away,20,4
89,34.742312513138856,29.897318715817075,away,21,4
90,33.57581851797676,35.81071688295834,away,22,4
91,10.159842088931725,22.39191907930302,-99,23,4
92,38.30507211129155,10.141625166624914,home,1,5
93,34.13686991497733,11.764362997625637,home,2,5
94,33.53612140937139,15.945318298358815,home,3,5
95,36.04914355081759,18.838283567002936,home,4,5
96,34.73637934379433,21.93460672181128,home,5,5
97,47.180808701135284,23.871267852926096,home,6,5
98,35.29172115980691,26.28863813513299,home,7,5
99,35.8639048167295,29.33505708560477,home,8,5
100,34.88215177333353,33.47674400824267,home,9,5
101,32.590397297356105,37.23159271425833,home,10,5
102,38.04274079910705,39.24277736194535,home,11,5
103,9.819276853536447,23.865838343764917,away,12,5
104,15.264252633619195,22.72019876738649,away,13,5
105,18.331902564484217,28.421944350444726,away,14,5
106,27.278421440883598,19.30128655583224,away,15,5
107,27.668655332560952,25.990236882517152,away,16,5
108,30.32323100992576,19.107392341843216,away,17,5
109,29.766963231903745,18.083419305469388,away,18,5
110,31.316172551919195,22.872857660644836,away,19,5
111,28.323209156586977,25.150499992114337,away,20,5
112,28.35095294649852,28.95581647411588,away,21,5
113,30.408793572533533,33.72353480278194,away,22,5
114,9.819276853536447,23.865838343764917,-99,23,5
115,38.07473533655536,10.349211335566483,home,1,6
116,33.719003285748215,11.92038818925709,home,2,6
117,33.43036407795718,16.078397138438415,home,3,6
118,35.48201292661756,18.91093704208093,home,4,6
119,34.29527895680009,22.0202285170612,home,5,6
120,47.006614168846426,23.917072018551504,home,6,6
121,34.51262032958496,26.40338646746015,home,7,6
122,35.67352512406164,29.44569168034786,home,8,6
123,34.47775353947321,33.47931102297821,home,9,6
124,32.248309771013474,37.14093600911422,home,10,6
125,37.646994229679066,38.975736687683,home,11,6
126,9.917390073131989,24.144398802806997,away,12,6
127,15.414828189740248,22.754557006820235,away,13,6
128,18.33382286945893,28.22233708550932,away,14,6
129,27.253113984418214,19.490647493844993,away,15,6
130,27.822215454382537,26.1056408698153,away,16,6
131,30.16630038134955,19.202224992570216,away,17,6
132,29.61066895182548,18.155888199035306,away,18,6
133,30.93754089428561,22.77236895810129,away,19,6
134,28.256634815176458,25.157112249496528,away,20,6
135,28.436085889922815,29.042704583666467,away,21,6
136,30.193507777754842,33.696124506624564,away,22,6
137,9.917390073131989,24.144398802806997,-99,23,6
138,37.851891019482736,10.648544381735734,home,1,7
139,33.30887880481791,12.1478740003085,home,2,7
140,33.17399708285721,16.322806391684942,home,3,7
141,34.9153145463201,19.07873798269582,home,4,7
142,33.82868061360833,22.20597883383636,home,5,7
143,46.604259169408294,24.0177120187186,home,6,7
144,33.73091797690612,26.57589184250781,home,7,7
145,35.25875683909808,29.620334789089053,home,8,7
146,33.9941052246434,33.511634657472484,home,9,7
147,31.77757346117822,37.04052721087949,home,10,7
148,37.21025838232207,38.7853386213323,home,11,7
149,10.166501245249187,24.514327688974245,away,12,7
150,15.613122631757541,22.86941484854129,away,13,7
151,18.387030488702514,28.14100491063236,away,14,7
152,27.145738784947913,19.78508916739505,away,15,7
153,27.935551309651167,26.288407962306646,away,16,7
154,30.021046088369843,19.415010355808015,away,17,7
155,29.4677243952108,18.337299597836754,away,18,7
156,30.559638957570733,22.77625055599199,away,19,7
157,28.193733253591517,25.22191916363189,away,20,7
158,28.504075260220407,29.15199394518436,away,21,7
159,29.9351558846502,33.70113859742114,away,22,7
160,10.166501245249187,24.514327688974245,-99,23,7
161,37.61136154232382,11.005937402708135,home,1,8
162,32.80521721306749,12.446818260396334,home,2,8
163,32.82291705792285,16.6307248630516,home,3,8
164,34.37703991105116,19.2884677946489,home,4,8
165,33.26315469087193,22.46567785420503,home,5,8
166,46.10966447831159,24.15015189582465,home,6,8
167,33.01747255500453,26.805909582659638,home,7,8
168,34.73798077384336,29.790852736610617,home,8,8
169,33.43214850092827,33.57103479571524,home,9,8
170,31.26883974490177,36.951258743881056,home,10,8
171,36.78048098724475,38.68771021800138,home,11,8
172,10.459935138180478,24.944622722864285,away,12,8
173,15.852874814672022,23.074867701451897,away,13,8
174,18.507328902044804,28.14754282038,away,14,8
175,26.911483497504847,20.16173441605589,away,15,8
176,28.031530508831448,26.509670687540606,away,16,8
177,29.86638749110198,19.719431069255958,away,17,8
178,29.364794103306995,18.587396000885168,away,18,8
179,30.188652276713313,22.89499104186137,away,19,8
180,28.094770102654056,25.386460982628744,away,20,8
181,28.518310104990398,29.3103191677072,away,21,8
182,29.628035854549424,33.762988429286615,away,22,8
183,10.459935138180478,24.944622722864285,-99,23,8
184,37.32729832686506,11.429623246986198,home,1,9
185,32.29772658096563,12.788945272918232,home,2,9
186,32.48839727223241,16.99801298120683,home,3,9
187,33.87311763114673,19.580084765452213,home,4,9
188,32.70988104033088,22.769798097841832,home,5,9
189,45.53141981946315,24.34516787592941,home,6,9
190,32.34857248310373,27.075741261345726,home,7,9
191,34.07162947065751,30.013573943472917,home,8,9
192,32.83426346208185,33.685022648647575,home,9,9
193,30.731801252217153,36.87033352477176,home,10,9
194,36.299893466078444,38.6510621504484,home,11,9
195,10.821565794016292,25.463070297428718,away,12,9
196,16.153758154818618,23.375195516780582,away,13,9
197,18.664401966973145,28.277807991284924,away,14,9
198,26.710164893063766,20.583711323251684,away,15,9
199,28.146569241163093,26.78136634453196,away,16,9
200,29.72888963811201,20.07311873887614,away,17,9
201,29.245377953711884,18.909103778461592,away,18,9
202,29.868446245009945,23.065515633700343,away,19,9
203,28.04876303697089,25.59641157590548,away,20,9
204,28.5016517911087,29.49984667627923,away,21,9
205,29.346131154499133,33.90037220620462,away,22,9
206,10.821565794016292,25.463070297428718,-99,23,9
207,37.03498821322558,11.897255395377613,home,1,10
208,31.822813599412054,13.202677738829166,home,2,10
209,32.06637971034325,17.41679317578242,home,3,10
210,33.39518697470275,19.924211798891832,home,4,10
211,32.117157802377235,23.148171517524563,home,5,10
212,44.96318579021009,24.542858572562007,home,6,10
213,31.63035653486112,27.381114312713137,home,7,10
214,33.373615675069146,30.244191982334407,home,8,10
215,32.247542379872655,33.8736013087143,home,9,10
216,30.18436777645407,36.8483900492502,home,10,10
217,35.80019270115642,38.67375221297551,home,11,10
218,11.177975008058638,26.015399476070428,away,12,10
219,16.475764120723937,23.75968425073071,away,13,10
220,18.863652585847383,28.498565429316887,away,14,10
221,26.435333571041415,21.089427812906717,away,15,10
222,28.231284813198123,27.09367175808474,away,16,10
223,29.604280886642577,20.483034068910356,away,17,10
224,29.125003730102648,19.282663505943543,away,18,10
225,29.558478383920352,23.326214500753956,away,19,10
226,27.955364445928588,25.850860319158944,away,20,10
227,28.473956495429356,29.735461071638312,away,21,10
228,29.035722699552117,34.05816743390012,away,22,10
229,11.177975008058638,26.015399476070428,-99,23,10
230,36.74942515643913,12.419477434615288,home,1,11
231,31.323918477758042,13.661117811122251,home,2,11
232,31.631264901183364,17.896511712305774,home,3,11
233,32.91002876707513,20.31491384408104,home,4,11
234,31.552432702929927,23.551385863495042,home,5,11
235,44.38284689483727,24.776311290942537,home,6,11
236,30.967548164693977,27.74538643488921,home,7,11
237,32.64673608376097,30.513093554440406,home,8,11
238,31.62835501585989,34.06618380039633,home,9,11
239,29.631401910334514,36.81210247308637,home,10,11
240,35.30918607213128,38.67640456494208,home,11,11
241,11.60515833582446,26.597896345012256,away,12,11
242,16.746951706766975,24.19830520482263,away,13,11
243,19.083035425795146,28.765052357955582,away,14,11
244,26.18713641914823,21.67285297561836,away,15,11
245,28.274619469497022,27.460479753343858,away,16,11
246,29.45240135275541,20.94270337837024,away,17,11
247,28.9736446139258,19.68330347957762,away,18,11
248,29.332986112839514,23.620370431074146,away,19,11
249,27.88433612141869,26.135214671282224,away,20,11
250,28.44494470353797,30.01367720602495,away,21,11
251,28.706331841088712,34.25559964852768,away,22,11
252,11.60515833582446,26.597896345012256,-99,23,11
253,36.395706881885566,12.981273583671324,home,1,12
254,30.839587162569877,14.149516356927801,home,2,12
255,31.198428937387863,18.405980800308388,home,3,12
256,32.43103372469777,20.714256368148195,home,4,12
257,30.923915951910317,23.985561031278944,home,5,12
258,43.80119295528778,25.011253576800264,home,6,12
259,30.354231175524056,28.12898029581019,home,7,12
260,31.943463406370842,30.783016957326097,home,8,12
261,31.074304261307457,34.29714743388077,home,9,12
262,29.037911664148048,36.78329879196114,home,10,12
263,34.76939261059567,38.714108151558385,home,11,12
264,12.006654490403017,27.232218983780488,away,12,12
265,17.057096987432452,24.72751193085232,away,13,12
266,19.286594939912767,29.090495737258838,away,14,12
267,25.944195645627907,22.27802403939554,away,15,12
268,28.300387390822248,27.827640755486925,away,16,12
269,29.311409281804465,21.413533221832015,away,17,12
270,28.834509252951392,20.093497090420637,away,18,12
271,29.095883203260673,23.954735216738012,away,19,12
272,27.806600056292083,26.462585664814625,away,20,12
273,28.360903855702972,30.320707793982773,away,21,12
274,28.44884225836922,34.475745188543875,away,22,12
275,12.006654490403017,27.232218983780488,-99,23,12
276,36.037323171320935,13.556278273688722,home,1,13
277,30.370134362009622,14.6922661313333,home,2,13
278,30.765445707271574,18.971586266508375,home,3,13
279,32.023431703293284,21.14764510182286,home,4,13
280,30.364102135073317,24.471170216231535,home,5,13
281,43.223930401961,25.292523402130374,home,6,13
282,29.70954720974955,28.525315091374644,home,7,13
283,31.241128252386233,31.088074757098607,home,8,13
284,30.50568717620112,34.57581205357887,home,9,13
285,28.500127173212952,36.79432707948994,home,10,13
286,34.239481935821146,38.74204233240897,home,11,13
287,12.46426933784079,27.875980993994528,away,12,13
288,17.359912492907952,25.327245107248192,away,13,13
289,19.51726307985104,29.479587410877052,away,14,13
290,25.73912058822443,22.94103156417367,away,15,13
291,28.323500234139303,28.248993046548303,away,16,13
292,29.176531484581663,21.893257467099268,away,17,13
293,28.63973599133935,20.56170767283867,away,18,13
294,28.882193678787466,24.332295664741032,away,19,13
295,27.733726609394537,26.816596861364886,away,20,13
296,28.246595965460894,30.677505286170863,away,21,13
297,28.146697774755765,34.72126041151297,away,22,13
298,12.46426933784079,27.875980993994528,-99,23,13
299,35.67403965445023,14.172079557920314,home,1,14
300,29.948576955551314,15.259934521883435,home,2,14
301,30.318684939273997,19.565586614395635,home,3,14
302,31.617392547891832,21.642191020722716,home,4,14
303,29.81735726070566,24.972370332171348,home,5,14
304,42.63569321041386,25.599778802981017,home,6,14
305,29.101223902147915,28.947766101353018,home,7,14
306,30.57452185677393,31.387699711478607,home,8,14
307,29.952740116637955,34.86461463434021,home,9,14
308,27.934481726388327,36.822210883797176,home,10,14
309,33.7081722610026,38.761320226048255,home,11,14
310,12.8579541849862,28.518168823869495,away,12,14
311,17.6557361465394,25.987432796281382,away,13,14
312,19.70783409469007,29.901898192461672,away,14,14
313,25.522579300086594,23.647743797891547,away,15,14
314,28.333654602290483,28.68780905473348,away,16,14
315,29.018609245008538,22.385129460135488,away,17,14
316,28.421359167354147,21.011173015905484,away,18,14
317,28.69876290773501,24.73318260828826,away,19,14
318,27.66052610747451,27.17919134931053,away,20,14
319,28.11105845743347,31.07947405983273,away,21,14
320,27.92191623013709,34.99876797958533,away,22,14
321,12.8579541849862,28.518168823869495,-99,23,14
322,35.344086490533826,14.790503360809227,home,1,15
323,29.54288963655017,15.848377456282916,home,2,15
324,29.920673750286262,20.180136749031718,home,3,15
325,31.227554004726752,22.090545327265282,home,4,15
326,29.29275917136401,25.46842994924877,home,5,15
327,42.03960398508837,25.912601008319125,home,6,15
328,28.502391098379647,29.380923917747683,home,7,15
329,29.984264944302765,31.709521997764387,home,8,15
330,29.49890637284583,35.17194978099797,home,9,15
331,27.413678134793813,36.880515531786685,home,10,15
332,33.15628505044277,38.763549100658516,home,11,15
333,13.270245530454492,29.18570120851601,away,12,15
334,17.896327796910498,26.72163300303942,away,13,15
335,19.88206657387301,30.356576018887516,away,14,15
336,25.307644464416263,24.37972779037803,away,15,15
337,28.322672962591156,29.12368068165286,away,16,15
338,28.86095873878819,22.880949196372498,away,17,15
339,28.245625191453367,21.498728877789286,away,18,15
340,28.519248916418434,25.139185897375164,away,19,15
341,27.55979441858379,27.544529097224842,away,20,15
342,27.965732024722083,31.496860793777756,away,21,15
343,27.67697414361355,35.28407092780196,away,22,15
344,13.270245530454492,29.18570120851601,-99,23,15
345,34.988352711914516,15.450684829439451,home,1,16
346,29.12549045530314,16.47195749527391,home,2,16
347,29.50862852536389,20.837279300056917,home,3,16
348,30.8404409361204,22.630407295679497,home,4,16
349,28.73195664597974,25.993771613814726,home,5,16
350,41.48187885023773,26.246307399605705,home,6,16
351,27.92055951374551,29.82286365309532,home,7,16
352,29.401123967063512,32.02187860494495,home,8,16
353,29.06013563106411,35.52309074377819,home,9,16
354,26.935211547536298,36.92298089483608,home,10,16
355,32.62561369554157,38.76594539123418,home,11,16
356,13.68523852943385,29.83310164499876,away,12,16
357,18.168350186184874,27.49888984125945,away,13,16
358,20.034892766390886,30.824129862451098,away,14,16
359,25.128488814819452,25.127909076901183,away,15,16
360,28.313925614304807,29.60101189804308,away,16,16
361,28.65932099331575,23.360723114508172,away,17,16
362,27.987881709499362,21.99046654168066,away,18,16
363,28.35127165945255,25.539829115969017,away,19,16
364,27.46093780845954,27.959297799308608,away,20,16
365,27.771070028598388,31.96320661111598,away,21,16
366,27.456639740823263,35.568639818744515,away,22,16
367,13.68523852943385,29.83310164499876,-99,23,16
368,34.658788982465126,16.125280726909203,home,1,17
369,28.712644699877117,17.11670630285066,home,2,17
370,29.07651168536253,21.492991967205633,home,3,17
371,30.473452831665373,23.148522105197845,home,4,17
372,28.21149902253743,26.54407574244551,home,5,17
373,40.929234806315755,26.61823287666582,home,6,17
374,27.35097289241014,30.284147026153207,home,7,17
375,28.911272469054285,32.34537484393764,home,8,17
376,28.699847232092914,35.88190358945156,home,9,17
377,26.464560748025736,37.011930356399894,home,10,17
378,32.07141529021694,38.776908265029256,home,11,17
379,14.116120700018424,30.463612040038125,away,12,17
380,18.403044510929334,28.32487867373866,away,13,17
381,20.183615962973754,31.329593182467555,away,14,17
382,24.967850260693652,25.923162560654966,away,15,17
383,28.268352770440117,30.079078424773662,away,16,17
384,28.4862376127666,23.862516424947795,away,17,17
385,27.74430450626315,22.51933356109263,away,18,17
386,28.1490848474581,25.97487458937621,away,19,17
387,27.353608922441595,28.40287033998395,away,20,17
388,27.593828459609398,32.44330350750434,away,21,17
389,27.273976578161843,35.89816122521584,away,22,17
390,14.116120700018424,30.463612040038125,-99,23,17
391,34.29740173893525,16.840450339543217,home,1,18
392,28.375091261314303,17.796605753784817,home,2,18
393,28.64409924987383,22.19528589785345,home,3,18
394,30.148895817264325,23.73476305660296,home,4,18
395,27.742668636584202,27.11508798400013,home,5,18
396,40.38894820596905,27.018602251584685,home,6,18
397,26.804854757414667,30.738306216756328,home,7,18
398,28.45542325590726,32.70053868907194,home,8,18
399,28.324750342121902,36.251759007275055,home,9,18
400,26.012615088239343,37.131965001332155,home,10,18
401,31.506290395791314,38.758353548336466,home,11,18
402,14.534206242406551,31.103636332838242,away,12,18
403,18.611136379651725,29.230898661693693,away,13,18
404,20.281755174991325,31.865045145666627,away,14,18
405,24.791688801704,26.728516551570188,away,15,18
406,28.21428516258978,30.58523227321361,away,16,18
407,28.240829599878374,24.32068908899452,away,17,18
408,27.48246353855178,23.08569153059883,away,18,18
409,28.02092287455779,26.43848693624939,away,19,18
410,27.26081314815157,28.863337357118393,away,20,18
411,27.411007533769034,32.97977035687267,away,21,18
412,27.109240182409167,36.25343133802659,away,22,18
413,14.534206242406551,31.103636332838242,-99,23,18
414,33.95768255991861,17.576261041859635,home,1,19
415,27.97694400943967,18.48695357898446,home,2,19
416,28.186208777597024,22.89710651389948,home,3,19
417,29.80353945326783,24.324091665991364,home,4,19
418,27.23920723048238,27.698974534233454,home,5,19
419,39.86558660484346,27.44578002121447,home,6,19
420,26.309415779179794,31.22657347972459,home,7,19
421,28.050276904144642,33.09006630654067,home,8,19
422,28.015376262100116,36.6427515905758,home,9,19
423,25.582443409570146,37.26121320577845,home,10,19
424,30.98053767742946,38.77294443827958,home,11,19
425,14.948322098135929,31.72631173579296,away,12,19
426,18.785073375564547,30.168677272650186,away,13,19
427,20.335945398700144,32.41220983152221,away,14,19
428,24.669817204084595,27.54237811762943,away,15,19
429,28.137703752714927,31.093444100504165,away,16,19
430,27.976687236925912,24.819470265656445,away,17,19
431,27.22729689054144,23.65518002528206,away,18,19
432,27.86685393205915,26.921705304930153,away,19,19
433,27.14012770217422,29.35947456503922,away,20,19
434,27.15108562249439,33.50622622624238,away,21,19
435,26.94738663546144,36.626376819054265,away,22,19
436,14.948322098135929,31.72631173579296,-99,23,19
437,33.60948983164582,18.310352340598225,home,1,20
438,27.57248767374432,19.2200963388444,home,2,20
439,27.717314972616673,23.621514501245404,home,3,20
440,29.493563781848067,24.948679816684756,home,4,20
441,26.771117860366243,28.29446606099338,home,5,20
442,39.26684826758261,27.901607831351416,home,6,20
443,25.819067669806877,31.712517915079903,home,7,20
444,27.693405706145924,33.479110248138674,home,8,20
445,27.750332354043508,37.032211806302485,home,9,20
446,25.188724666330007,37.450214618057224,home,10,20
447,30.440693971022093,38.78356194324706,home,11,20
448,15.379383820786359,32.35676931682866,away,12,20
449,18.878584250789334,31.12294671735652,away,13,20
450,20.35026851636033,32.952341319726486,away,14,20
451,24.543004943384325,28.361169474257476,away,15,20
452,28.027503248854188,31.608832121907184,away,16,20
453,27.728352497814335,25.305077437032924,away,17,20
454,26.972623332080204,24.2509963538576,away,18,20
455,27.74100836946029,27.432994164542396,away,19,20
456,27.03323581712877,29.87432394833037,away,20,20
457,26.942620898743623,34.081222336819245,away,21,20
458,26.850247754980117,37.05084042082894,away,22,20
459,15.379383820786359,32.35676931682866,-99,23,20
460,33.27901092737235,19.087057510083547,home,1,21
461,27.173082956899588,19.983810638751663,home,2,21
462,27.192112877873143,24.335541583049746,home,3,21
463,29.188004717522222,25.602295353058963,home,4,21
464,26.334376652003684,28.899898123510223,home,5,21
465,38.702621481372404,28.40210747217194,home,6,21
466,25.386438843212133,32.19672754948096,home,7,21
467,27.378680959958352,33.88978821823445,home,8,21
468,27.511247611410123,37.422545060479024,home,9,21
469,24.82523696814755,37.64044832516036,home,10,21
470,29.942725803252053,38.78721044774542,home,11,21
471,15.831859560832306,32.943714523735835,away,12,21
472,19.004900624384227,32.119028003309054,away,13,21
473,20.361676161842148,33.51217264982702,away,14,21
474,24.470666171133864,29.139789405837657,away,15,21
475,27.884632447525277,32.14317730871555,away,16,21
476,27.429596164063874,25.800644229424524,away,17,21
477,26.740986809441853,24.882150654585658,away,18,21
478,27.6402858239622,27.960133749133515,away,19,21
479,26.866945328630667,30.41802312076149,away,20,21
480,26.71896919529381,34.62280783309498,away,21,21
481,26.792094106073474,37.481249347045875,away,22,21
482,15.831859560832306,32.943714523735835,-99,23,21
483,32.960567208443756,19.835849403799454,home,1,22
484,26.792163849964776,20.779166988421373,home,2,22
485,26.654072227343207,25.012321270405486,home,3,22
486,28.926226234710164,26.27348431953463,home,4,22
487,25.92235485839452,29.512142154193807,home,5,22
488,38.184363838289585,28.918779053912104,home,6,22
489,24.95768075798212,32.67088257209695,home,7,22
490,27.145905965669527,34.32716180272302,home,8,22
491,27.29549935836607,37.829160645487086,home,9,22
492,24.499513158090032,37.870238327455304,home,10,22
493,29.437150881755958,38.80886857195124,home,11,22
494,16.29124043558705,33.506448582157546,away,12,22
495,19.09001721775441,33.09952517140285,away,13,22
496,20.30500659824977,34.03769132131125,away,14,22
497,24.42025970488813,29.945262849283626,away,15,22
498,27.698107312079223,32.66158783318442,away,16,22
499,27.104362838729436,26.29591851630565,away,17,22
500,26.48828318786557,25.517845736493587,away,18,22
501,27.570045874860565,28.514335652802103,away,19,22
502,26.708582902327223,30.98226733637277,away,20,22
503,26.53270652546622,35.20797911284504,away,21,22
504,26.678358639588406,37.95387434849642,away,22,22
505,16.29124043558705,33.506448582157546,-99,23,22
506,32.633691505107535,20.61284087238036,home,1,23
507,26.37179268571706,21.60598636804009,home,2,23
508,26.12642597504933,25.673669035997943,home,3,23
509,28.637761666618893,26.959186020220397,home,4,23
510,25.542321812846048,30.10582116661686,home,5,23
511,37.65569278507387,29.45371899179614,home,6,23
512,24.620123969512875,33.12261985992005,home,7,23
513,26.901705669425642,34.75260967598136,home,8,23
514,27.08990801047812,38.19091977047532,home,9,23
515,24.214087718025947,38.125523934814964,home,10,23
516,28.996099071357946,38.79201193255542,home,11,23
517,16.767290625203486,34.005016713078845,away,12,23
518,19.18655988284239,34.02910389787402,away,13,23
519,20.32516017607542,34.55438340697598,away,14,23
520,24.40108402701778,30.707452522867786,away,15,23
521,27.50314838090346,33.16569835611048,away,16,23
522,26.761882955900333,26.771689435267344,away,17,23
523,26.291016738453106,26.12848060191168,away,18,23
524,27.549232779876824,29.08379023622619,away,19,23
525,26.53626024789988,31.548719434401036,away,20,23
526,26.33534397908199,35.76362388116044,away,21,23
527,26.655768752231623,38.40425779111208,away,22,23
528,16.767290625203486,34.005016713078845,-99,23,23
529,32.363912341371226,21.357492259676388,home,1,24
530,25.91010796334657,22.424132140581218,home,2,24
531,25.565534039293738,26.296405214132434,home,3,24
532,28.36630097844873,27.643763453892866,home,4,24
533,25.20233876843158,30.70172945043898,home,5,24
534,37.156254333242615,29.99036376980309,home,6,24
535,24.320143482069653,33.52578137849072,home,7,24
536,26.70799496375782,35.13803967904832,home,8,24
537,26.90770217458742,38.51382542396485,home,9,24
538,23.966015238293224,38.39247555955635,home,10,24
539,28.598280678828345,38.78474131887909,home,11,24
540,17.270567467028304,34.406623525551645,away,12,24
541,19.25555666582701,34.89009033547519,away,13,24
542,20.3207454456693,35.03906618356957,away,14,24
543,24.428103135703818,31.407365557643697,away,15,24
544,27.306834006245786,33.59975560098398,away,16,24
545,26.43435953309229,27.2273015739475,away,17,24
546,26.095461526958328,26.741805921612016,away,18,24
547,27.54198180674831,29.639744423266926,away,19,24
548,26.29938487203819,32.11799046322734,away,20,24
549,26.151301285299233,36.323412323422886,away,21,24
550,26.62985647413061,38.849588367221784,away,22,24
551,17.270567467028304,34.406623525551645,-99,23,24
552,32.04605060559473,22.056174170513664,home,1,25
553,25.490240075680752,23.23212154346145,home,2,25
554,25.0455315385355,26.85604853761147,home,3,25
555,28.11581007497626,28.314519579942516,home,4,25
556,24.899055331965243,31.231424281592872,home,5,25
557,36.733213154090606,30.516895707769866,home,6,25
558,24.095089525880688,33.86713314843882,home,7,25
559,26.49014120444089,35.45036124591881,home,8,25
560,26.742808624018704,38.789302981663205,home,9,25
561,23.71409737726589,38.670609768882606,home,10,25
562,28.23389372176557,38.70813992152793,home,11,25
563,17.729250266264618,34.72918487606917,away,12,25
564,19.344372999752206,35.64557821435659,away,13,25
565,20.345203581249383,35.463008604490746,away,14,25
566,24.47150180211313,32.02600654493249,away,15,25
567,27.076861294007344,34.00206263942658,away,16,25
568,26.090454830773353,27.642653195504177,away,17,25
569,25.93775310252184,27.297298128982884,away,18,25
570,27.511671172570455,30.208465096302206,away,19,25
571,26.063329910537398,32.67770598338066,away,20,25
572,25.990926914620765,36.821376850458094,away,21,25
573,26.640733984157023,39.267357347982546,away,22,25
574,17.729250266264618,34.72918487606917,-99,23,25
575,31.780639844305316,22.722381625994032,home,1,26
576,25.073576274329845,24.039890481905573,home,2,26
577,24.493462722952273,27.3666089932981,home,3,26
578,27.86075718769129,28.94168721579966,home,4,26
579,24.68064196207102,31.747335195002492,home,5,26
580,36.3195448662593,31.019739624244764,home,6,26
581,23.88631131093902,34.1308830468667,home,7,26
582,26.2736262115412,35.71840516716279,home,8,26
583,26.528005694551773,38.97872180822388,home,9,26
584,23.547990442877456,38.91968163528943,home,10,26
585,27.91075424654709,38.64187677485985,home,11,26
586,18.260187408715545,34.95572424514839,away,12,26
587,19.45213356832335,36.278508944458196,away,13,26
588,20.41285888502072,35.83020617624028,away,14,26
589,24.591402248575758,32.57761849206893,away,15,26
590,26.85837484338333,34.34748489130347,away,16,26
591,25.766947123542447,28.006802785853623,away,17,26
592,25.830487527088508,27.84189038768008,away,18,26
593,27.52202289784071,30.739195059881666,away,19,26
594,25.81440780560179,33.202608217809534,away,20,26
595,25.82443859653683,37.27540963630605,away,21,26
596,26.623713809108082,39.62487791378698,away,22,26
597,18.260187408715545,34.95572424514839,-99,23,26
598,31.526253099418653,23.348172442047503,home,1,27
599,24.684763472930875,24.814509771603603,home,2,27
600,24.04225511472239,27.779480043598074,home,3,27
601,27.53928145132803,29.52358399374905,home,4,27
602,24.499205705103524,32.19970884533213,home,5,27
603,36.02944556452854,31.49792582331087,home,6,27
604,23.764661267008904,34.34360311779896,home,7,27
605,26.06445838061182,35.900486618891684,home,8,27
606,26.3101532396848,39.07878107882732,home,9,27
607,23.411294658532,39.187744626552686,home,10,27
608,27.66261861569979,38.52523249255957,home,11,27
609,18.725193091687757,35.081080685078916,away,12,27
610,19.552695341643258,36.76428254085169,away,13,27
611,20.55601228007781,36.13120414763129,away,14,27
612,24.72768915693452,33.0347081054869,away,15,27
613,26.642387945241992,34.63191864638509,away,16,27
614,25.50565584263702,28.3541185070263,away,17,27
615,25.758221027085355,28.30343356895006,away,18,27
616,27.51227147356449,31.219191296048233,away,19,27
617,25.569437183906956,33.677260455965786,away,20,27
618,25.719426634698195,37.65511004538083,away,21,27
619,26.66982642774765,39.923518382498244,away,22,27
620,18.725193091687757,35.081080685078916,-99,23,27
621,31.23328971769565,23.884334673264444,home,1,28
622,24.31952635877753,25.52801595134611,home,2,28
623,23.63579098167019,28.155874957443846,home,3,28
624,27.288276067352612,30.034063740273844,home,4,28
625,24.40665031962822,32.60302249461791,home,5,28
626,35.729657551073416,31.93990406532839,home,6,28
627,23.666723793680397,34.4330180357659,home,7,28
628,25.820859964922747,35.970199174138344,home,8,28
629,26.07733985061353,39.08885366191588,home,9,28
630,23.289557822893183,39.384955828673185,home,10,28
631,27.389951980863046,38.39213461719455,home,11,28
632,19.186324114030473,35.10770373485493,away,12,28
633,19.67355117852631,37.089053975148005,away,13,28
634,20.73094350790841,36.337361753240934,away,14,28
635,24.881085050672223,33.37332711912589,away,15,28
636,26.419891899960064,34.838410722515896,away,16,28
637,25.250491760472265,28.638155980832014,away,17,28
638,25.67251445178983,28.712255522071345,away,18,28
639,27.508776354356385,31.671093709093117,away,19,28
640,25.31128554486024,34.10268723712131,away,20,28
641,25.608769160372038,37.94247417305224,away,21,28
642,26.708204075659427,40.13477778885735,away,22,28
643,19.186324114030473,35.10770373485493,-99,23,28
644,30.994095991090926,24.35368209317364,home,1,29
645,24.023477719265223,26.183679391486386,home,2,29
646,23.320120009207763,28.454157462681287,home,3,29
647,26.9507106006536,30.49020809709346,home,4,29
648,24.36867790839239,32.92453983032016,home,5,29
649,35.529764459673146,32.32752890894816,home,6,29
650,23.65762486721902,34.510848859583604,home,7,29
651,25.588467264547326,35.96908166269496,home,8,29
652,25.824242793714447,39.01772405424019,home,9,29
653,23.1749928686515,39.59192830480734,home,10,29
654,27.235569547447447,38.238680286155265,home,11,29
655,19.670368737904322,35.02623473485225,away,12,29
656,19.852941001693793,37.281445851445824,away,13,29
657,20.96032002037048,36.487072305151344,away,14,29
658,25.003550982281382,33.599274509447916,away,15,29
659,26.233024132768314,35.00150405586516,away,16,29
660,25.047008703689137,28.90604863935997,away,17,29
661,25.656515335460117,29.048631031576157,away,18,29
662,27.472760425248328,32.05255562747629,away,19,29
663,25.096881591607534,34.44677836718836,away,20,29
664,25.53508829264296,38.17113020660097,away,21,29
665,26.813197693524017,40.290482708997,away,22,29
666,19.670368737904322,35.02623473485225,-99,23,29
667,30.77877913516562,24.755511480658907,home,1,30
668,23.746222939563886,26.729442338137524,home,2,30
669,23.09677329767127,28.6757274129507,home,3,30
670,26.636102386538127,30.853660018887997,home,4,30
671,24.40284099545532,33.152681829950005,home,5,30
672,35.3957728919946,32.65830987495965,home,6,30
673,23.643950852225224,34.47267727678831,home,7,30
674,25.38340553660163,35.89594644545067,home,8,30
675,25.539095846910705,38.84163178599564,home,9,30
676,23.07666795282006,39.73554646648746,home,10,30
677,27.106401882989488,38.036138045603984,home,11,30
678,20.10841120771257,34.86684751675116,away,12,30
679,20.057960057601505,37.28190616210167,away,13,30
680,21.206690266293613,36.51413001400646,away,14,30
681,25.134302007919676,33.71638033209798,away,15,30
682,26.020276539781086,35.071616644008806,away,16,30
683,24.84560896943116,29.113618583615395,away,17,30
684,25.666902374333162,29.325112555936116,away,18,30
685,27.39873618066681,32.36363504160291,away,19,30
686,24.846440784811765,34.71468935670508,away,20,30
687,25.497297042167524,38.260251011469066,away,21,30
688,26.904703891410115,40.33359828866051,away,22,30
689,20.10841120771257,34.86684751675116,-99,23,30
690,30.576621443714956,25.07884138759705,home,1,31
691,23.537131823756575,27.21031586356464,home,2,31
692,23.00664939853184,28.84396009282464,home,3,31
693,26.314061237925337,31.122622341750834,home,4,31
694,24.45493333576951,33.3092671887755,home,5,31
695,35.258481016567075,32.93705527016272,home,6,31
696,23.700471419535518,34.37475992125888,home,7,31
697,25.142669937065065,35.73518108791178,home,8,31
698,25.28770568878315,38.582399184386496,home,9,31
699,22.99573720343922,39.788659103741054,home,10,31
700,26.962583386096153,37.806878440016476,home,11,31
701,20.482967060310145,34.63413473652847,away,12,31
702,20.269486190376213,37.14941089796313,away,13,31
703,21.49924922229408,36.490689173813216,away,14,31
704,25.170082705853353,33.706009191684956,away,15,31
705,25.870221500269928,35.11022402741073,away,16,31
706,24.730849301321598,29.27322446997475,away,17,31
707,25.661076875452675,29.549073772941252,away,18,31
708,27.282638251897858,32.594476770084,away,19,31
709,24.68566908532118,34.92804612828398,away,20,31
710,25.44899913344424,38.2815468276446,away,21,31
711,27.014976560663825,40.30112052620001,away,22,31
712,20.482967060310145,34.63413473652847,-99,23,31
713,30.408290230632417,25.340750149386952,home,1,32
714,23.3651699673391,27.558942805003813,home,2,32
715,22.976080220155374,28.97054298101918,home,3,32
716,25.939257442540715,31.307998341775818,home,4,32
717,24.52267848770429,33.3386352355414,home,5,32
718,35.20079356277412,33.133982041233544,home,6,32
719,23.780716921216225,34.2222577287528,home,7,32
720,24.946137619882222,35.51634974695992,home,8,32
721,25.032600244133665,38.24459537118578,home,9,32
722,22.943923028808797,39.80085537374418,home,10,32
723,26.859831032154684,37.53862927808391,home,11,32
724,20.87063520837689,34.31494776886398,away,12,32
725,20.46589846128211,36.885936718004615,away,13,32
726,21.762142763148383,36.38380637009377,away,14,32
727,25.283245876505298,33.579609480078425,away,15,32
728,25.740788465009512,35.04910345652519,away,16,32
729,24.596943020504305,29.4019824848521,away,17,32
730,25.670916567505824,29.695205965299138,away,18,32
731,27.19397678098388,32.70980210483248,away,19,32
732,24.499199735149098,34.99553222279438,away,20,32
733,25.441941505069643,38.208373363894644,away,21,32
734,27.1550434409067,40.17035665764116,away,22,32
735,20.87063520837689,34.31494776886398,-99,23,32
736,30.24845568389928,25.537747759990413,home,1,33
737,23.267578629696757,27.838786161440037,home,2,33
738,23.03532224933931,29.03634654409516,home,3,33
739,25.583330581746377,31.422474968092484,home,4,33
740,24.60395964498953,33.298296988061495,home,5,33
741,35.116830748529004,33.259150498622525,home,6,33
742,23.836551450051235,34.04687141689517,home,7,33
743,24.724095585576087,35.267511734023174,home,8,33
744,24.80107492421533,37.862908664023,home,9,33
745,22.884087208529582,39.6951421160793,home,10,33
746,26.800272561290743,37.23168996195131,home,11,33
747,21.185049521615944,33.95458394322987,away,12,33
748,20.741931452790965,36.54242819299734,away,13,33
749,21.966595368327884,36.21153998287124,away,14,33
750,25.339285589897464,33.3809332641373,away,15,33
751,25.60096387435351,34.93842075919785,away,16,33
752,24.509471406592986,29.45139413665577,away,17,33
753,25.683191537095958,29.805793979021235,away,18,33
754,27.079571415611518,32.78333363780135,away,19,33
755,24.354330867862515,35.00860000871844,away,20,33
756,25.422035370190336,38.0390399389614,away,21,33
757,27.238896989794892,39.98421482524509,away,22,33
758,21.185049521615944,33.95458394322987,-99,23,33
759,30.115385849010778,25.662269703132075,home,1,34
760,23.202939212982336,28.037840754286457,home,2,34
761,23.141040431241706,29.043551678969315,home,3,34
762,25.219589930138298,31.44563956242078,home,4,34
763,24.65260744670246,33.17060328000973,home,5,34
764,35.02609842526894,33.29225788814287,home,6,34
765,23.952308895559426,33.82351801332839,home,7,34
766,24.539275624809143,34.9830827785908,home,8,34
767,24.601749177382224,37.40453308110958,home,9,34
768,22.844305002650405,39.48482307443671,home,10,34
769,26.737873711089843,36.85863290143921,home,11,34
770,21.484697785252756,33.554157092457984,away,12,34
771,20.956154647425596,36.09387197412316,away,13,34
772,22.152920924313698,35.95974379710931,away,14,34
773,25.391727759871507,33.088378097313196,away,15,34
774,25.493134352303628,34.779435815487346,away,16,34
775,24.483398130152565,29.434240092501543,away,17,34
776,25.668304621145637,29.83786560880847,away,18,34
777,26.943164245633,32.76022650531979,away,19,34
778,24.249993170264936,34.92910322038175,away,20,34
779,25.420407189335982,37.77063397329665,away,21,34
780,27.264059024484986,39.6936552449779,away,22,34
781,21.484697785252756,33.554157092457984,-99,23,34
782,29.999233502717793,25.760797416498153,home,1,35
783,23.136309435636726,28.150315617893565,home,2,35
784,23.27212158805242,29.035135544601093,home,3,35
785,24.8631678704606,31.428373164379064,home,4,35
786,24.66858893511433,32.9950104990268,home,5,35
787,34.97548899302559,33.26123185647904,home,6,35
788,24.0163315863197,33.562303054787755,home,7,35
789,24.367529734807192,34.66248018451846,home,8,35
790,24.454960192336532,36.95791101112526,home,9,35
791,22.77138596053888,39.23519972204213,home,10,35
792,26.649088798981026,36.47936051481409,home,11,35
793,21.7647417745294,33.13103601483697,away,12,35
794,21.232328318254858,35.628077016313966,away,13,35
795,22.293017352303703,35.68096959482235,away,14,35
796,25.450065769480084,32.777632733071286,away,15,35
797,25.40388308626848,34.566122594212715,away,16,35
798,24.415107557459386,29.367445696957137,away,17,35
799,25.682670905712488,29.847552375588155,away,18,35
800,26.800994300760212,32.70846600784366,away,19,35
801,24.125507934151045,34.79273730454132,away,20,35
802,25.44162603797882,37.45605250670533,away,21,35
803,27.278229770524305,39.39634091672645,away,22,35
804,21.7647417745294,33.13103601483697,-99,23,35
805,29.837431714634015,25.81000114301964,home,1,36
806,23.076768442961253,28.17622093291189,home,2,36
807,23.424084357996886,28.98256948774497,home,3,36
808,24.552748204896027,31.328736555574256,home,4,36
809,24.691261292680473,32.7613500697128,home,5,36
810,34.909720790430356,33.186616774571846,home,6,36
811,24.12643088697873,33.27482628525492,home,7,36
812,24.21200832995555,34.31686990018867,home,8,36
813,24.298727567771472,36.47253210866053,home,9,36
814,22.78742212371922,38.890200472925336,home,10,36
815,26.60979078201958,36.035370957504306,home,11,36
816,21.99208687230362,32.688132178670266,away,12,36
817,21.41667648288367,35.099588150505355,away,13,36
818,22.388868285739854,35.377823193224636,away,14,36
819,25.565494948236037,32.376507989005766,away,15,36
820,25.335610783042142,34.28145298598054,away,16,36
821,24.39239197134856,29.251809878226723,away,17,36
822,25.624814172085884,29.7951748465167,away,18,36
823,26.71630511832089,32.57490430279749,away,19,36
824,24.016432736435263,34.600797562962555,away,20,36
825,25.43445159973828,37.06359265474289,away,21,36
826,27.20030753840545,39.01715575694911,away,22,36
827,21.99208687230362,32.688132178670266,-99,23,36
828,29.698015313602298,25.828594061874327,home,1,37
829,23.105878087871474,28.161471697635765,home,2,37
830,23.572352676571377,28.918133654619982,home,3,37
831,24.207516000781588,31.226685230126694,home,4,37
832,24.68406708177981,32.49908715661758,home,5,37
833,34.806758812018465,33.04691133433775,home,6,37
834,24.17698199967358,32.98675731597298,home,7,37
835,24.04219262844075,33.9615056352421,home,8,37
836,24.169024145657858,35.971088029862415,home,9,37
837,22.74032452079019,38.47303408618043,home,10,37
838,26.574278967319025,35.57255014740031,home,11,37
839,22.236367226948957,32.23610740286885,away,12,37
840,21.66769262426195,34.54652911860021,away,13,37
841,22.450076915323436,35.01765957820994,away,14,37
842,25.659084945300066,31.980173292800767,away,15,37
843,25.27998963974501,33.97443480757808,away,16,37
844,24.389239217051674,29.08989664491441,away,17,37
845,25.573229168074505,29.706851427254584,away,18,37
846,26.646780423293546,32.40250400102506,away,19,37
847,23.938639538508404,34.33215433576975,away,20,37
848,25.42831995878064,36.633659081330514,away,21,37
849,27.135018337851868,38.62720411054265,away,22,37
850,22.236367226948957,32.23610740286885,-99,23,37
851,29.5795532708986,25.81760710614876,home,1,38
852,23.15011550981997,28.11686327216542,home,2,38
853,23.7280185623447,28.827447713693687,home,3,38
854,23.902104094999732,31.08999931363678,home,4,38
855,24.608530043280634,32.20283861135504,home,5,38
856,34.729759636155435,32.84183328189394,home,6,38
857,24.27360726943202,32.670598423039635,home,7,38
858,23.919325644644793,33.640701221082445,home,8,38
859,24.07048383263044,35.487303628404774,home,9,38
860,22.711637103918846,38.02284108155716,home,10,38
861,26.54786341872785,35.08002177210605,home,11,38
862,22.39906789728071,31.814716236079278,away,12,38
863,21.852978281512296,34.00740457215996,away,13,38
864,22.493540564608338,34.64219668966938,away,14,38
865,25.791469106710203,31.563934699488204,away,15,38
866,25.219892916166728,33.64573367038038,away,16,38
867,24.406921778827737,28.896047068472456,away,17,38
868,25.573806544669814,29.573355905078724,away,18,38
869,26.605459981637985,32.19928849045106,away,19,38
870,23.87282059894483,34.021974813055046,away,20,38
871,25.451748366170726,36.149295872613536,away,21,38
872,26.9852508964774,38.183462275943995,away,22,38
873,22.39906789728071,31.814716236079278,-99,23,38
874,29.46055204013673,25.823775435268644,home,1,39
875,23.238859220791355,28.011882014983566,home,2,39
876,23.883401442535135,28.697405863412264,home,3,39
877,23.60556789260749,30.933016920106606,home,4,39
878,24.532548762646805,31.903423862713186,home,5,39
879,34.654760331850284,32.61531733713988,home,6,39
880,24.329976072892315,32.3531668009765,home,7,39
881,23.790655336957,33.26089568876288,home,8,39
882,23.977750974399257,34.99767357281167,home,9,39
883,22.713771508632938,37.53570200161007,home,10,39
884,26.471513687605636,34.58474008080576,home,11,39
885,22.58094209005553,31.416776685352037,away,12,39
886,22.100970358411,33.481921138163784,away,13,39
887,22.549384674814856,34.236252627545014,away,14,39
888,25.91895468207173,31.153600602958917,away,15,39
889,25.218971960594338,33.29056215027599,away,16,39
890,24.415650508164983,28.655893266126057,away,17,39
891,25.547330770251193,29.428624266143164,away,18,39
892,26.57886622107145,31.981399421351725,away,19,39
893,23.839650537410133,33.69428787614626,away,20,39
894,25.446835839307028,35.64806606709635,away,21,39
895,26.85899068812259,37.71452133362644,away,22,39
896,22.58094209005553,31.416776685352037,-99,23,39
